=== Run information ===

Scheme:       weka.clusterers.EM -I 100 -N -1 -M 1.0E-6 -S 100
Relation:     project_5.1_small
Instances:    80667
Attributes:   5
               Age at Diagnosis
              Race or Ethnicity
              Sex and Sexual Orientation
Ignored:
              Location
              Vital Status
Test mode:    evaluate on training data

=== Model and evaluation on training set ===


EM
==

Number of clusters selected by cross validation: 15


                                                    Cluster
Attribute                                                 0          1          2          3          4          5          6          7          8          9         10         11         12         13         14
                                                     (0.07)     (0.18)     (0.19)     (0.04)     (0.07)     (0.04)     (0.09)     (0.04)     (0.06)     (0.04)     (0.05)     (0.08)     (0.03)     (0.01)     (0.02)
======================================================================================================================================================================================================================
 Age at Diagnosis
  13 - 19 Years                                       5.2674    42.3238    38.4531    26.1496    26.0552    17.6774     4.9581     3.5301     5.1704   138.1779     7.0837     5.5322    49.6263    45.4839     19.511
  20 - 24 Years                                     253.2748    98.4359   719.6569   156.6143   104.7094   389.1385    71.7564    166.162    60.8929   219.7803   166.7144   105.6141    33.4443   142.5562    85.2496
  25 - 29 Years                                     110.0547   734.4032  2974.0928   323.1828    83.1255  1485.5897   104.9888   661.1236   101.7871   106.3906  3175.1387   105.9266    82.2066    57.3987    73.5905
  30 - 34 Years                                      105.212   2379.986  4192.2098  1210.4174    97.1371   105.6809    94.3846  1160.4135   101.6391  1355.7026    93.5148  5426.4411    87.1369    56.9795  1129.1446
  35 - 39 Years or age is missing                    92.8109   126.2585  4390.2391   147.0814  4682.4035   123.9252  6376.8466    99.3027    95.1366    87.8719    85.7077    95.1811  1669.0909    71.4901   202.6537
  40 - 44 Years                                     109.0061  4629.5284   1890.163   645.1573    81.3237   800.7031   105.5793   532.0892  4282.7037   494.5895    91.2092   104.0903    85.3548    26.1617    86.3408
  45 - 49 Years                                    2966.3039  2934.2919   661.6226   135.7263    93.2985   125.1071   106.7968   216.7147   109.5198   390.3516   102.7026   122.1782    89.7853   101.8407    66.7599
  50 - 54 Years                                      1360.02  1587.5458   186.1082   153.1972   101.2024    77.2392    68.0043   207.1752    74.3188   131.8604    63.1171    71.4675    96.2577   118.3244    91.1621
  55 - 59 Years                                      645.481    826.955   141.1236    68.5328    86.7395    44.5824    51.7655   206.0443    66.4778    63.1564    38.8231    54.4013     68.079    83.7953    26.0431
  60 - 64 Years                                     173.9098   418.7231    67.3444    69.4942    48.9394    17.8975    45.0249   133.3029    51.2299    41.3813    31.2281    41.3573    78.6493     56.038    11.4799
  65+ Years                                          68.3685   394.4268    40.6308   275.5785    54.2427    16.2501    34.4404    43.9645    32.6715    64.0456    39.0273    34.5275    49.5655    14.2679     7.9924
  [total]                                           5889.709 14172.8784 15301.6443  3211.1319   5459.177   3203.791  7064.5457  3429.8228  4981.5477  3093.3079  3894.2666  6166.7173  2389.1965   774.3363  1799.9275
Race or Ethnicity
  Black (and also not Hispanic)                     458.2734 10195.2961  7170.6806    88.5769  4846.6843  2900.8762   263.6841   971.6968   136.6937  2696.4614    98.0384   130.4076    96.5452    62.0728  1447.0127
  White (and also not Hispanic)                    4878.3588    998.421   104.2474  2454.4642   100.0966   161.7547   6615.081  2188.8253  4549.7147   245.3955  3449.3387  5620.7692  1548.0246    70.1878    78.3205
  Hispanic                                          464.2188  2900.8427  7955.2939   588.4014   462.4829    94.2925    54.6677   207.5854   196.1387   134.2088   274.0488   322.8152   696.9472   601.3637   179.6924
  Unknown                                             2.4775     3.0976     4.6162     2.8783     6.7322     3.1098    12.8466      3.474     3.5318      1.876     3.9279     3.4943    15.3494      5.388     6.2004
  Asian / Pacific Islander                           77.0742    62.1211    33.5082    53.6762    30.9386    31.2997    88.9238    30.5836    81.5961     5.2876    37.9433    73.1576    24.4379    18.3288    50.1231
  American Indian /Alaskan Native                     4.3062     8.0998    28.2981     18.135     7.2424     7.4582    24.3425    22.6578     8.8728     5.0786    25.9694    11.0733     2.8922    11.9952    33.5784
  [total]                                           5884.709 14167.8784 15296.6443  3206.1319   5454.177   3198.791  7059.5457  3424.8228  4976.5477  3088.3079  3889.2666  6161.7173  2384.1965   769.3363  1794.9275
Sex and Sexual Orientation
  Male (bisexual)                                   736.4824   768.9071  1773.9659   425.2423   533.0613   446.1274   847.8747  2417.4765   356.2428   116.8598   109.0668    91.4986    51.2475   128.0177   323.9293
  Male (homosexual)  or Unknown Classification     4316.5704   716.4456  5979.2063   117.6493   360.1374  1074.1917  5607.3359    87.2708  4116.2062    72.5497  3257.8863  5776.9845    70.5425   155.2569  1322.7664
  Male (heterosexual or pediatric)                  649.4219 10665.8802  4647.8737  1747.0917   2742.215    79.9616   107.1575    98.9224   422.9262      79.27   256.6927   218.3305  2163.5242    63.8781    77.8542
  Female (any)                                      180.2343  2014.6455  2893.5984   914.1487  1816.7632  1596.5103   495.1776   819.1531    79.1726  2817.6284   263.6209    72.9037    96.8823   420.1836    68.3776
  [total]                                           5882.709 14165.8784 15294.6443  3204.1319   5452.177   3196.791  7057.5457  3422.8228  4974.5477  3086.3079  3887.2666  6159.7173  2382.1965   767.3363  1792.9275
Clustered Instances

 0       8529 ( 11%)
 1      14915 ( 18%)
 2      17923 ( 22%)
 3       2722 (  3%)
 4       5606 (  7%)
 5       2411 (  3%)
 6       6630 (  8%)
 7       2816 (  3%)
 8       5281 (  7%)
 9       2997 (  4%)
10       3708 (  5%)
11       5139 (  6%)
12       1483 (  2%)
13        439 (  1%)
14         68 (  0%)


Log likelihood: -4.26962

